115769079853009626390336933048825096927093600646593525785579446191228769960045530756274114620909647996792506812986834779305771508400658857709458155358918136176153752800079005919267916254447335115723252200829893815923278746920745790326520436878025741524546207559348567481971893037714319163135683335220754353587
104850011261991258561900884933166899195040578866096611090399129682263229608125541506927540763878154542789691398350891808445107649203897476553881926596688605263047760387437759469435553909471539524565559571556839480072338369776280286453082443224080098693718820719952134024404763401196041661068127811482256168069
101907167310993984577291002398256495892497759960601743622573661320354525272853313048281788089036357721295551737550538746869804630907798611159517717884634771465622625820205512156897113792245211345030149845897777862687814352737675539740614152586979853050498501939573039549813806981112954625454946375183849309112
107848610682771886916403072410836327069862813520103913238866426473955996102599244082531286691542965906830452585800351228154397799322670545403777433813606850783076027028737179875693488440090180862307883221841419718348732663764952856267424136983483002014417374074052525426397573613906345171366911898955674012347
147901920423658632825225908654803338618885351510987733402742137531249531403331825279954988912249962438440512657241760018246328150595321943407046089120732170666951915741326491802627373423500032778326332393681491468303624597551400453890354242777077747150344263385782471829899554048333130115749114591469198794049
91399872556148221284207969296027076934220472082948658403012207113174276710126019778054797458916057522906496155008062132040647947666433723134777069272233662385870054440915330135523501124575775724310853680086304289411079231327622681131644794061807602152001217392800914006746364118974986034620382596540387762769
18107658605642017475998977878450208427564176727842990573285157027956835320768696473611562975935908527634436566692575735854711859773511071075372608655421428483550144841033580603355612476165952533286641327017412070793488842561532910228897656636417219882887581052611954230178572628406590280232029966236239439372
104062725666467243839684341743000367498639781934005630895564732322865080513910141381573835817273941825247671123803146285020756208100542852182530928625789730983891217311116696837325982750811084005660194179163002934926974698997396319669335347110648737683174023971418532595613099519215357889403593989272068765521
167667573029481618165765281550452986155673307701918218223376962933719253529718851593944536917645921402900298717928260859333762552284915934132253524771169811779906880817791180518083191501118500873325075718267812474717215230511577091611880120767469437697349162261036871275154040762891410609168824954753067444479
94271601373916198892580351866262985754042539713654323179670760804467251015663331937156691471355138329761628869194738171330999740615004232108023366005703426869022519315256806894386892226905956746208516900747564756168339375906560385847245778668214844944847162523696252782239612501048638640919060256416342135807
5926326578542810528619767268686998185167408693857594753582465501044024113593485254022616538356789265286228406938586810220266031638533810561429428933431020036462098723425237544675913119401758734412952410837830173905842243715029041625853876529567916691690709106220863401044005605155984865793315188726957268070
49739002587286895352226395479903893675929024180960152845648574260439963769959892384769057360061961518327557491845286095633296429211951853506270828196263030986895606433301633747835662177484833742090649341730330498718956509846731921560665128915890412623570001071345629052406281986304744204801953061803043071729
103091701727285170472449555559363842078014352591153997853825205666966133292893134886338490102816866004153042361786834912488739843020996927914165106790991011976655791364149074586741393775563862301452738487858825659903472773685822480687801051661922517262807756899187066933263907910746192012897074320787711684719
101807326927321157059254240249661354196041531829281299900126726736414953681964566209872683249892654388187229309371811766475310490305788598301163660193465539451081561424265470514007772281390459277505633640889727619534930219252792526823987885905760090829281950361473620518289012015085984352389870707037341101049
43462759893677426987991441383477544194422401613514613483592788797953303511498013237133664493983425857790546634727458438198140230479206594571311064006132187388953943204993320001557574827490272684860376281633640051736180875817209599587475568824978365540119752104398516761559787657428951686685836744570482303749
97084195341244226078632399720829860137201064010932734789275355337565626488462075021992471791618056925850338425041039151807609154193330876426673604807376656936439130518917199487746270815303937523006494525796868390519610317951846927068852087669456300738173693019828987853380548847559556804477451492576200394581
123435267117950095332203405948493525405530791103114986928036568710551638179785515517862034607436278148588214215572091942653238024156524397253850879431472760079550342980603834788064021854616674333389187438406219853834436369883073622202523072043708050009021859630433473501778522059713405188766235157730061690447
130190774197232805302715553387340320350923572513993037647246363295787411103676671632565512808422018086423290251316612893290018151866664297476076671724808624972087276901414496269918980630165333231541270213898732835296119235198219527834495596643117586094983253512772902929372433321861830842012425025400632335841
24995812338825848333328450108448788315676806106766789500355846452276048783266263575097093733405655269326569381408718533886300975345312988675835043860694079365754477420605671620413245467300633825881216450788680042131704131240800159947390873987841487406254191088298862639080169710310616892046841687290117288413
103219133691237400079245790620458290072758219392444448347880963960496631484281625627807813078456476226359579504379457570487235684158619867049386034730739292820918869451641696413073237652123060562625510041600124921032720894497994927557144042368122353238103131484364857732149218608000668228825331804330964201557
